$ANSIBLE_VAULT;1.1;AES256
61316265623464343865613966633332616530393463656638626131356434626535383963313131
3865343436643861643865633063333031376663373130620a313830306332636465393030333962
31653765633564623233333835373633646461646666393661646331663961346633343639346137
6230383661383562320a376466356231353362616633613139376535626163316464613537343234
34333266633131626130663033666330313164623132333230613632666532643262383765326333
63323232613836643430386636643734396531393437373261623139653038313864393330396630
35626533303831356133363862363030633933636332376361303939383030343238396430316634
37613930363833373237383065313361623264363937643437626333333133393565383032326664
64373262353665386639666463623437323531653861383734333063343232613265626464303831
38333765633839346432373433653135366238346434653730633664366439373561313539616530
35373365646463663432653438643738363833353136653763346638333235663137373735653439
37323130396133393636303639393865313834636638656335336534623839613162623935383132
34343164383730333931326563336632333237613230333862386334366430666631656361313439
32656265653033306239356565663738386662346264663264626132383930393939326664363963
66333432303837616630636364353031333662393061343539336636643132363131363430356432
34386466386230326664303735666532623662303034306439373933383332366634343333663038
37343438346161376439333636623230626534613935383665383433613266373064386632303864
33346432306531303564353032613764393234373033343535623563663365643235343965386539
38376566636130613934363063323439386464343934656462333638353537666438613537323963
62663664326663363037383266613931663762363833396362323430303630623938373264373965
34666265323735383037616262313465373964633431656633323438383663396264623062356535
61306530626462393937336437306637316532323262393465386636393136333030373838306631
30383535623030636337626430626435313165636539626335656461356532333634323166346563
63666633363930633930653963363066346437313131656639643263353834636332633531313732
66356438626563616330346131363766313032666363346565663738616463386337653439393037
37656430353539633165343833656538376166646631313330393637633431613432396264363463
37313630633236633462343338303463336364613766343366643138666333613934373834353939
62636236333764333734623861636163303837306164646337313530633364343633396363356265
37653734353931656163666137613162366636336566343863333263313963616366373938656236
36646531366330613039313062626330383765323163376132626532646136643264623664653530
37626163353463383133663366383533383332646633626564396639653336326164343862616262
34323565333931623431
